group	ID	Link	nseqs.orig	sobs.orig	coverage	nseqs.norm	sobs.norm	bergerparker	chao	shannon	simpson	ace
800049g	800049	g	59948	149	0.999566	10002	94	0.179064	164.125	2.823844	0.089956	217.026716
800512g	800512	g	86086	397	0.99921	9968	221	0.179474	292.090909	3.488574	0.074647	359.108846
800512p	800512	p	69336	540	0.998817	9964	331	0.084605	450.705882	4.021602	0.034646	537.14065
800550e	800550	e	25549	348	0.997769	9993	291	0.21375	400.595745	3.522901	0.074457	492.966718
800550g	800550	g	43388	555	0.997257	9935	324	0.081832	463.468085	4.198791	0.027912	595.581804
800550p	800550	p	24380	354	0.997088	9977	283	0.26942	459.129032	3.612717	0.087955	544.566603
800550s	800550	s	56595	469	0.998286	9971	280	0.140307	661.136364	3.827918	0.044286	847.106199
800718g	800718	g	11803	233	0.995594	10018	233	0.17219	263.837209	3.567661	0.060549	272.604567
800718s	800718	s	55009	524	0.9988	9992	361	0.202262	679.073171	3.662737	0.06849	859.772341
800774g	800774	g	95593	344	0.99931	9974	171	0.221977	270.75	3.2431	0.079519	293.145002
800961g	800961	g	92037	510	0.999098	9959	270	0.218998	344.82	3.678478	0.0677	448.152903
800961s	800961	s	42469	250	0.998728	9970	155	0.104714	228.5	3.550925	0.043366	269.617579
801163e	801163	e	89029	459	0.99918	9975	247	0.075288	379	3.899207	0.033798	496.658058
801163s	801163	s	60188	395	0.99892	9941	221	0.152399	329.043478	3.727159	0.048206	361.110994
801318g	801318	g	69615	464	0.999095	9955	274	0.075942	445.848485	3.87542	0.035996	557.83975
801318p	801318	p	65033	542	0.999001	9947	298	0.092189	470.666667	3.967121	0.036596	539.477217
801462g	801462	g	55033	325	0.998692	9988	200	0.139067	374.130435	3.529061	0.051231	527.133096
801462p	801462	p	58611	329	0.999045	9994	221	0.09926	454.8125	3.772258	0.040187	561.522751
801486g	801486	g	58585	557	0.998549	9983	364	0.108585	639.65	4.017389	0.036222	710.54122
801486s	801486	s	45943	558	0.997606	9942	349	0.146449	495.226415	3.864109	0.05099	585.897526
801537g	801537	g	52346	456	0.99851	9970	288	0.111535	442.6875	4.083765	0.032241	496.931916
801537p	801537	p	55310	544	0.998192	9980	357	0.072846	680.571429	4.325459	0.025249	949.013877
801584e	801584	e	81489	620	0.99892	9938	318	0.122459	564.033333	3.910192	0.043802	609.677318
801584g	801584	g	76771	577	0.99888	9968	311	0.111256	510.486486	4.039947	0.035211	668.775512
801584p	801584	p	70256	539	0.998819	9955	291	0.097639	468.162162	3.920751	0.036164	637.31651
801584s	801584	s	76893	349	0.999402	9987	211	0.127265	317.34375	3.554244	0.055809	509.839483
801963g	801963	g	35494	310	0.998563	10018	259	0.179776	554.24	3.385362	0.074003	683.082374
801963p	801963	p	49173	525	0.997905	9952	316	0.100683	499	4.085281	0.032294	628.5431
801963s	801963	s	37879	268	0.998706	10022	219	0.192776	384.37037	3.54315	0.062156	637.24447
802057e	802057	e	40296	324	0.998486	9954	206	0.170384	351.25	3.390987	0.068618	481.287848
802057g	802057	g	74449	284	0.999208	9977	164	0.261602	255.071429	2.813047	0.133907	266.629306
802057s	802057	s	76305	479	0.998572	9979	246	0.192805	397.666667	3.410964	0.071061	537.690302
802272e	802272	e	56087	597	0.998413	9982	412	0.082348	638.5	4.309017	0.029669	741.188726
802272g	802272	g	77128	449	0.999015	9992	272	0.226081	432.588235	3.643807	0.070481	521.492031
802272p	802272	p	88395	476	0.999038	9961	241	0.127296	364.913043	4.012665	0.036738	429.655922
802272s	802272	s	80974	380	0.999321	9963	205	0.230051	260	3.433043	0.078338	305.930761
802275g	802275	g	78017	402	0.999064	9969	216	0.133313	362.3	3.66535	0.04786	407.029736
802275s	802275	s	67877	243	0.99944	9980	143	0.103908	195.5	3.608055	0.043767	207.132209
802495e	802495	e	72239	238	0.999502	9986	134	0.191668	197.909091	3.382348	0.067265	212.798645
802495g	802495	g	81330	544	0.999041	9952	309	0.105406	489.025641	3.920857	0.039999	619.992029
802495s	802495	s	83607	678	0.998505	9925	325	0.123023	524.241379	4.334187	0.028766	564.17607
802514s	802514	s	65755	414	0.999437	9956	250	0.114805	323.181818	4.026949	0.035871	377.65542
802592g	802592	g	49105	197	0.999145	9982	127	0.163294	197.125	3.333395	0.065987	168.763232
802713g	802713	g	46502	348	0.998237	9969	214	0.182767	325.714286	3.458884	0.067328	349.107774
802713p	802713	p	66548	658	0.998152	9930	330	0.183384	470.622222	4.071738	0.049366	572.210636
802925g	802925	g	25367	760	0.995269	10006	640	0.077454	1189.494845	4.370285	0.030112	1822.241106
802925p	802925	p	70326	430	0.999218	9974	248	0.194706	396.529412	3.582727	0.062478	533.975319
803188g	803188	g	44896	426	0.998018	9950	244	0.089347	352.777778	3.765374	0.039622	360.615182
803188s	803188	s	45967	490	0.997716	9957	297	0.162398	465.076923	3.759881	0.050377	564.403081
803243e	803243	e	31834	442	0.997047	10002	348	0.146471	577.5	4.032681	0.045274	704.360217
803243s	803243	s	25051	402	0.997365	9999	336	0.10271	421.865385	4.325202	0.028242	438.45956
803364g	803364	g	40871	493	0.998043	9944	342	0.108307	478.883721	4.16087	0.032181	535.118289
803711e	803711	e	81835	338	0.999316	9965	177	0.113698	276.75	3.567147	0.049284	306.887342
803711g	803711	g	61061	461	0.998935	9953	293	0.064503	435.6	4.313669	0.023116	510.034209
803711s	803711	s	65417	532	0.998685	9963	311	0.081803	500.756757	4.08038	0.030338	582.019173
804026g	804026	g	64826	278	0.998889	9969	143	0.132009	251.1	3.592755	0.048469	302.9737
804208g	804208	g	48318	194	0.999131	9989	125	0.169687	162	3.173388	0.066522	203.842435
804208s	804208	s	95772	350	0.999363	9987	205	0.13077	301.6	3.403939	0.05876	356.28633
804279e	804279	e	84079	523	0.998811	9949	268	0.106644	388.238095	3.758247	0.041337	519.502487
804279s	804279	s	80777	515	0.999158	9948	280	0.157921	433.27027	3.596192	0.058646	547.625117
804300g	804300	g	72541	482	0.998828	9976	310	0.088212	433.243243	4.273431	0.027258	494.347294
804375g	804375	g	48976	499	0.998305	9970	335	0.179739	488.4	3.83965	0.059215	588.12625
804539g	804539	g	55904	285	0.999302	9988	193	0.145174	287.666667	3.417166	0.057558	387.496285
804590p	804590	p	41082	110	0.999538	9986	74	0.338774	95.857143	2.255927	0.173523	90.250892
804979g	804979	g	44966	452	0.997976	9945	282	0.293615	369.073171	3.574823	0.101288	380.986419
805077g	805077	g	77064	394	0.999221	9982	235	0.441194	361.034483	2.876339	0.212813	478.229361
805077s	805077	s	63385	398	0.998975	9959	229	0.114269	375.714286	3.769865	0.045994	404.741187
805180g	805180	g	74588	443	0.999316	9962	266	0.218229	461	3.562177	0.074544	579.696326
805180p	805180	p	88243	510	0.999377	9949	252	0.163333	438.24	3.439981	0.066985	487.287877
805180s	805180	s	39175	482	0.998086	10042	407	0.114419	769.232558	4.115901	0.036117	897.324598
805216g	805216	g	39985	428	0.998099	10055	352	0.184983	603.121951	3.74571	0.061656	716.373995
805243g	805243	g	39936	360	0.998147	10032	286	0.187998	480.25	3.806013	0.056865	569.535762
805243p	805243	p	35168	443	0.997469	10007	354	0.080843	719.675676	4.033362	0.032661	948.595855
805274g	805274	g	76696	494	0.9988	9963	266	0.185286	437.848485	3.751851	0.056542	616.287245
805287s	805287	s	64836	201	0.999537	9978	112	0.148727	158.75	3.212721	0.067442	235.161173
805404g	805404	g	55885	298	0.998891	9981	189	0.127041	359.526316	3.195165	0.071571	445.365518
805501g	805501	g	74349	592	0.998884	9956	331	0.080052	510.558824	4.40522	0.022748	585.230188
805501s	805501	s	38691	363	0.997932	10025	283	0.155112	514.090909	3.673365	0.051537	627.433368
805648g	805648	g	62363	661	0.998493	9924	362	0.066505	534.93617	4.305893	0.024615	627.890862
805648s	805648	s	53003	505	0.998585	9984	323	0.11248	486.132075	3.782422	0.046764	639.416246
805676e	805676	e	70846	653	0.998913	9960	386	0.222289	641.5	3.874863	0.06788	702.593906
805676g	805676	g	45501	538	0.997824	9940	338	0.146479	451.017241	3.822142	0.051382	478.289497
805676s	805676	s	86585	686	0.998845	9942	355	0.092838	532.348837	4.268932	0.026744	602.98176
805681g	805681	g	93804	369	0.999456	9978	208	0.155843	307.047619	3.616254	0.051604	329.882541
805681p	805681	p	69446	419	0.999251	9963	258	0.128776	361.052632	3.622772	0.056586	446.322863
805724g	805724	g	24466	362	0.996853	9981	285	0.090272	430.357143	3.985733	0.031496	598.089494
805724p	805724	p	37811	533	0.997937	10023	455	0.209119	932.065217	4.036493	0.059308	1136.059074
805961g	805961	g	53993	349	0.99887	9968	225	0.086276	393.8125	4.050883	0.030604	382.317446
806210e	806210	e	50211	454	0.998108	9976	276	0.184443	462.117647	3.544881	0.071486	598.917429
806210g	806210	g	65604	564	0.998826	9934	301	0.241695	441.947368	3.81181	0.072788	516.716631
806210s	806210	s	54586	592	0.998443	9972	405	0.111512	685.5	4.349985	0.029344	776.012376
806237e	806237	e	52741	277	0.998995	9990	187	0.231331	261.285714	3.051521	0.100251	316.781136
806237g	806237	g	61754	363	0.999271	9961	224	0.121775	319.689655	3.699593	0.042999	313.833642
806237s	806237	s	38936	257	0.999075	10017	221	0.124988	375.05	3.717211	0.047265	432.027037
806288g	806288	g	68212	323	0.999252	9975	207	0.197694	312.12	3.352763	0.072047	359.404761
806441s	806441	s	21016	280	0.997145	9964	220	0.247892	275.3125	3.340623	0.086221	275.201843
806481g	806481	g	81855	265	0.999548	9966	142	0.101545	199.4	3.407717	0.048623	221.087548
806568e	806568	e	51498	295	0.99868	9990	193	0.155856	339.714286	3.527956	0.054399	493.750081
806568s	806568	s	53545	285	0.999066	9987	187	0.162611	295.043478	3.390553	0.060169	378.551556
806694g	806694	g	62029	499	0.998291	9942	259	0.129551	371.857143	3.894586	0.044805	420.724848
806711g	806711	g	67919	375	0.998763	9966	211	0.167269	284.2	3.458655	0.07189	335.933314
806711s	806711	s	70306	545	0.998677	9967	319	0.197251	433.195652	3.964205	0.056627	520.873413
807099s	807099	s	85883	285	0.999511	9972	169	0.237766	206.05	3.115039	0.098977	201.995721
807154g	807154	g	93885	330	0.999404	9977	186	0.129197	271.954545	3.402088	0.058365	265.222157
807154s	807154	s	39968	466	0.997898	10061	382	0.141437	732.142857	4.049538	0.040532	967.978417
807187g	807187	g	76023	674	0.998816	9932	322	0.090012	604.027778	3.969716	0.0356	893.340063
807360s	807360	s	62219	524	0.998714	9949	314	0.101317	455.775	4.039983	0.035776	439.833265
807529s	807529	s	32851	329	0.998113	10000	267	0.0794	358.972973	3.952795	0.036556	414.66517
807581g	807581	g	75168	650	0.99863	9945	340	0.082353	577.317073	4.121159	0.029946	784.822421
807581p	807581	p	53053	447	0.99853	9980	280	0.068737	427.171429	4.063693	0.028801	530.94801
807618g	807618	g	56179	510	0.998754	9983	347	0.103877	584.243243	4.229095	0.029549	687.631825
807639g	807639	g	75300	485	0.998938	9975	272	0.125113	449.62069	3.803013	0.045497	517.308213
807639s	807639	s	50109	565	0.998543	9982	399	0.091364	587.886792	4.370438	0.027144	708.448908
807715e	807715	e	70021	558	0.998815	9970	330	0.095486	492.25641	4.234028	0.029467	564.817126
807715g	807715	g	47979	420	0.998541	9968	275	0.168339	434.677419	3.90991	0.048144	532.808995
807715s	807715	s	135830	730	0.999323	9957	351	0.13247	485.692308	4.193096	0.043276	457.73088
807836g	807836	g	75199	537	0.998816	9979	333	0.169055	478.357143	3.939961	0.050371	466.26921
807942g	807942	g	68699	652	0.998646	9940	363	0.101006	622.883721	4.152237	0.031465	752.610145
808232e	808232	e	63822	602	0.998731	9957	382	0.091393	528.653846	4.339029	0.02681	521.609168
808232s	808232	s	60125	623	0.998719	9941	415	0.067901	547.222222	4.536902	0.021263	537.391321
808247g	808247	g	28966	453	0.997307	9990	375	0.179179	591.15	4.1628	0.045995	670.20484
808247s	808247	s	81176	348	0.999125	9964	181	0.163388	277.315789	3.305791	0.072582	311.418821
808440g	808440	g	82572	112	0.9996	9989	46	0.593152	63.5	1.336506	0.406872	90.008306
808440p	808440	p	104078	348	0.999337	9966	164	0.099137	241.214286	3.562929	0.046936	215.469464
808517g	808517	g	42208	520	0.997773	9950	341	0.11809	621.275862	4.124652	0.035078	629.115864
808517p	808517	p	49751	503	0.998211	9961	336	0.083124	571.323529	4.182347	0.030361	647.468108
808517s	808517	s	63104	502	0.998542	9954	287	0.196403	442.2	3.736126	0.064725	405.400201
808539s	808539	s	13516	489	0.992601	9957	489	0.08135	931.188679	4.287672	0.030474	1060.42697
808636g	808636	g	50597	540	0.997569	9962	320	0.108211	636.551724	4.075628	0.036272	813.241266
808636p	808636	p	44796	472	0.997634	9951	299	0.121797	375.346939	4.080274	0.037622	462.549973
808636s	808636	s	43127	626	0.997032	9935	388	0.132964	559.267857	4.122388	0.039933	669.35803
808909g	808909	g	91327	452	0.999234	9959	228	0.212371	350.375	3.297986	0.079646	460.486949
808956s	808956	s	67927	526	0.998808	9952	297	0.073855	436.794118	4.263248	0.025558	499.642808
809162g	809162	g	105452	475	0.999289	9966	236	0.145796	332.28125	3.604829	0.05615	391.906911
809162s	809162	s	48333	321	0.998862	9979	215	0.146207	257	3.622986	0.051886	275.037185
809341e	809341	e	93225	311	0.999571	9981	169	0.214608	297.333333	3.512271	0.066897	343.367655
809341s	809341	s	85106	554	0.99886	9941	275	0.17966	404	3.840526	0.055263	437.609931
809456s	809456	s	56692	438	0.99873	9993	289	0.17192	428.794118	3.853575	0.060248	522.619039
809487g	809487	g	20391	259	0.997205	9955	202	0.184028	314.954545	3.317479	0.077558	364.210421
809574g	809574	g	91172	650	0.999035	9932	322	0.148711	460.75	4.005381	0.043338	537.094248
809574s	809574	s	49328	528	0.998277	9964	350	0.161582	535.352941	3.792615	0.053652	688.034201
809619g	809619	g	51354	146	0.999611	9988	97	0.193032	131.363636	2.933321	0.089835	155.209836
809619s	809619	s	49791	381	0.998574	9962	237	0.397611	341.428571	2.948108	0.176656	434.162015
809723g	809723	g	52459	462	0.998284	9972	294	0.152226	518.294118	3.908433	0.046329	715.229607
809723p	809723	p	60558	418	0.998894	9949	247	0.116092	356.615385	3.980645	0.037148	397.226718
809723s	809723	s	51190	470	0.998242	9971	309	0.110521	494.5	4.064129	0.039743	548.097807
809805g	809805	g	55498	238	0.999568	9998	173	0.116823	290.3	3.474454	0.049785	442.040582
809805s	809805	s	75283	398	0.999083	9993	258	0.098969	368.757576	3.8979	0.039674	439.437146
809900g	809900	g	43754	319	0.99904	9987	238	0.193952	329.636364	3.644266	0.06642	303.173562
809900p	809900	p	51248	435	0.998283	9974	282	0.09214	389.5	4.052574	0.03213	384.189079
809900s	809900	s	66124	292	0.999289	9985	180	0.156635	213.913043	3.551804	0.059793	218.469259
809974s	809974	s	76309	655	0.998467	9950	344	0.097286	549.92	3.892278	0.040619	730.022994
810333g	810333	g	53461	458	0.998747	9987	333	0.13077	560.526316	4.087044	0.037093	659.945787
810333s	810333	s	53320	507	0.998162	9982	328	0.095672	487.638298	4.106253	0.035036	667.476476
810514s	810514	s	51682	256	0.999033	9994	181	0.23394	220.136364	3.390921	0.081308	222.925
810586e	810586	e	78560	376	0.999198	9990	226	0.146146	416.12	3.466081	0.063604	638.412834
810586g	810586	g	92894	433	0.99916	9965	230	0.213447	376.2	3.462675	0.07646	476.607312
810586s	810586	s	89103	447	0.99917	9952	213	0.110028	359.714286	3.688422	0.045518	466.570206
810597g	810597	g	53165	240	0.999229	9988	161	0.12525	218.954545	3.557766	0.04843	271.252775
810597p	810597	p	61409	507	0.998372	9947	276	0.083844	419.035714	4.058888	0.030849	449.344143
810597s	810597	s	44035	574	0.997593	9935	354	0.120483	497.518519	3.955373	0.044981	607.208198
810670g	810670	g	63804	480	0.998699	9958	272	0.083651	392.441176	4.096517	0.028205	465.713896
810730g	810730	g	71738	461	0.998871	9961	252	0.118462	404.291667	3.93812	0.03757	442.216114
810730s	810730	s	66124	439	0.99876	9963	265	0.140118	300.645833	3.979945	0.04213	322.621943
810821g	810821	g	47122	406	0.998324	9959	262	0.177729	542.285714	3.454474	0.069467	519.915646
810821s	810821	s	72229	367	0.998879	9971	193	0.223147	335.058824	3.229045	0.083449	384.900321
810843g	810843	g	63837	299	0.999373	9975	189	0.123108	259.714286	3.662101	0.046783	252.354266
811009g	811009	g	64962	438	0.999015	9954	240	0.148182	351.25	3.523691	0.05686	469.899819
811009p	811009	p	102596	769	0.999396	9916	363	0.070896	625.5	4.418257	0.023821	654.686845
811200s	811200	s	86864	629	0.998561	9941	298	0.123428	460.30303	4.11554	0.035174	541.654872
811366g	811366	g	46642	446	0.998371	9975	288	0.090927	373	4.128094	0.030938	446.307713
811366p	811366	p	60910	229	0.998982	9971	122	0.132584	159.714286	3.351786	0.059829	184.657638
811550g	811550	g	63022	348	0.999476	9973	225	0.238845	310.2	3.220224	0.092148	303.157784
811550s	811550	s	63534	382	0.998725	9965	198	0.116708	315.3	3.667736	0.044579	349.593783
811602g	811602	g	64633	390	0.998654	9955	202	0.161527	310.043478	3.580643	0.054028	356.274188
811602s	811602	s	77993	487	0.999167	9974	297	0.078705	451.583333	4.063146	0.030959	546.690825
811709s	811709	s	47061	431	0.998024	9962	266	0.070869	448.4	3.996731	0.030088	395.59013
811742g	811742	g	78555	620	0.998562	9977	359	0.084795	597.466667	4.181394	0.03024	825.214894
811742p	811742	p	85529	655	0.999041	9932	347	0.100584	446.130435	4.41109	0.027223	510.450479
811959e	811959	e	55533	432	0.998812	9978	286	0.106835	455.941176	3.863846	0.038645	555.742191
811959s	811959	s	72867	473	0.998943	9966	275	0.119807	406.318182	3.684008	0.047549	541.024141
812010g	812010	g	52769	452	0.998446	9986	291	0.159523	416.071429	3.860298	0.048595	534.965285
812010p	812010	p	30641	380	0.998466	10014	333	0.185041	513.02439	3.718075	0.06433	592.401103
812026s	812026	s	84978	276	0.999435	9972	134	0.325411	176	2.983294	0.134166	177.563947
812130g	812130	g	45729	338	0.998666	9967	231	0.133842	307.607143	3.674349	0.053768	305.939474
812130s	812130	s	25511	189	0.998393	9997	148	0.272682	176.7	3.040645	0.105826	200.000538
812445e	812445	e	69549	361	0.99908	9969	221	0.192296	305.285714	3.417451	0.079755	277.804995
812445g	812445	g	52923	443	0.998375	9976	286	0.126704	359.886792	3.781574	0.046693	444.584456
812445s	812445	s	72240	518	0.998934	9965	333	0.065329	443.25	4.39878	0.021964	523.163002
812536g	812536	g	65260	548	0.998177	9949	303	0.160318	467.15625	4.030085	0.043129	522.634904
812652g	812652	g	54536	496	0.998166	9990	318	0.104204	604.875	3.977572	0.038462	777.014543
812652p	812652	p	54680	527	0.998427	9974	341	0.151293	635.441176	4.01324	0.044905	787.334053
812776s	812776	s	48968	316	0.998632	9975	198	0.168722	315.3	3.327964	0.07322	291.687313
812821g	812821	g	45194	553	0.99792	9962	366	0.109516	548.666667	4.144318	0.035102	702.731515
812821p	812821	p	37450	345	0.998371	10006	284	0.090346	420.486486	4.082716	0.030176	542.676218
812856e	812856	e	22590	453	0.995972	9957	362	0.10003	499.565217	4.256762	0.033153	566.97561
812856s	812856	s	62554	496	0.998385	9949	252	0.109559	341.756757	3.778831	0.04374	352.837138
813611g	813611	g	36486	361	0.997972	10009	287	0.198122	477.78125	3.742743	0.060548	553.923162
813652s	813652	s	76310	606	0.99886	9959	329	0.129531	615.081081	4.028437	0.040689	859.060015
813665e	813665	e	46983	408	0.998361	9954	251	0.116938	407.107143	3.818359	0.040339	485.424972
813665g	813665	g	77978	572	0.998512	9974	311	0.161219	454.560976	3.979185	0.048958	583.395506
813665s	813665	s	36110	324	0.99856	10006	272	0.100839	596.545455	3.971381	0.031912	714.543323
813936s	813936	s	67765	301	0.998952	9973	162	0.173769	240	3.316355	0.071267	290.889019
813950g	813950	g	71411	472	0.99916	9966	265	0.157335	455.272727	3.753411	0.051154	371.844416
813950p	813950	p	76997	233	0.999584	9984	141	0.160557	207.352941	3.213717	0.070959	253.464225
814251s	814251	s	20168	220	0.997719	9962	174	0.222345	255.47619	3.399732	0.074455	337.796742
814480g	814480	g	61735	695	0.998753	9919	405	0.075915	544.451613	4.472829	0.022214	659.210827
814536g	814536	g	84205	452	0.999216	9967	253	0.084077	380.6	3.913394	0.035808	481.248226
814536p	814536	p	61235	478	0.998661	9956	297	0.128666	411.428571	4.20814	0.032906	468.298907
814536s	814536	s	49654	431	0.998389	9972	280	0.108404	532.115385	3.91351	0.038796	599.254513
814992g	814992	g	48141	571	0.998234	9954	381	0.119048	653.560976	4.291574	0.03137	797.713308
814992p	814992	p	54318	584	0.998619	9972	383	0.068091	681.682927	4.311875	0.025163	842.819665
814992s	814992	s	80640	648	0.998996	9924	337	0.156389	514	3.964179	0.047119	565.614092
815065s	815065	s	39432	246	0.999011	10019	207	0.264098	379.444444	3.078536	0.101838	632.428876
815145g	815145	g	65334	421	0.99925	9961	232	0.178095	315.025	3.588988	0.057122	339.554424
815145s	815145	s	70168	324	0.999131	9983	194	0.097967	312.1875	3.873163	0.033483	331.374509
815170g	815170	g	67462	451	0.998859	9965	248	0.150125	476.391304	3.604042	0.058545	540.021007
815170s	815170	s	54160	507	0.998357	9971	341	0.13088	574.926829	3.929982	0.042387	758.796155
815183g	815183	g	62436	423	0.998975	9964	262	0.145424	373	4.056674	0.03812	342.219372
815413g	815413	g	86076	279	0.999419	9965	135	0.17993	223	3.274397	0.073645	193.69361
815703g	815703	g	64351	732	0.998446	9925	389	0.103275	614.188679	4.223701	0.031337	802.992912
815703p	815703	p	75484	505	0.999152	9965	273	0.119217	483	3.813525	0.045216	561.192171
815776g	815776	g	47996	249	0.998812	9977	155	0.128696	190.285714	3.467341	0.053893	195.529832
815776p	815776	p	48955	485	0.998284	9952	321	0.092846	478.763158	4.216575	0.029557	569.40657
815860g	815860	g	107068	802	0.998935	9916	336	0.117184	639.363636	3.993438	0.041298	750.376421
815860s	815860	s	52011	458	0.998577	9985	316	0.110065	494.5	3.958207	0.038819	595.183385
816130g	816130	g	88593	420	0.999244	9961	217	0.266138	313.464286	3.398811	0.095741	391.008528
816833g	816833	g	83174	517	0.998762	9956	274	0.107875	392.5	4.08092	0.032016	357.35354
816833p	816833	p	49231	200	0.99937	9992	141	0.18705	198.5	3.207609	0.075433	303.524753
816892g	816892	g	55143	536	0.997933	9986	352	0.229922	622.947368	3.822012	0.073744	734.101301
816944s	816944	s	44731	378	0.998323	9951	235	0.194051	358.913043	3.590111	0.065128	324.759654
816961s	816961	s	41718	429	0.99825	9953	285	0.102582	400.5	4.05925	0.03311	525.271935
816983g	816983	g	45171	519	0.997698	9962	335	0.195844	460.666667	3.726078	0.068083	583.839129
817282g	817282	g	46383	316	0.9989	9979	204	0.108829	263.032258	3.395295	0.057365	266.505968
817416g	817416	g	64302	413	0.999129	9971	268	0.184936	343.176471	3.835369	0.058119	390.263469
817416p	817416	p	74252	513	0.998586	9965	291	0.116006	431	3.876849	0.042119	545.139754
817416s	817416	s	84872	466	0.99914	9953	249	0.150005	307.717391	3.867079	0.043118	332.895938
817436e	817436	e	68503	304	0.999445	9978	177	0.128282	409.363636	3.739381	0.038452	470.452175
817436s	817436	s	82888	537	0.999385	9941	291	0.153908	466.777778	3.776321	0.04845	572.760691
817634g	817634	g	95850	234	0.999395	9980	106	0.253607	165.5	2.598128	0.127939	173.217724
817708e	817708	e	35023	456	0.997173	10016	357	0.167831	952.12	3.735443	0.064548	1073.311799
817708s	817708	s	41628	413	0.998511	9949	267	0.089758	387	3.802918	0.039946	486.436302
817811g	817811	g	93829	444	0.999158	9967	245	0.10896	368.103448	3.827313	0.042108	433.98579
817811p	817811	p	72316	217	0.999322	9984	126	0.225661	171.15	2.843604	0.10197	213.267913
817811s	817811	s	61172	188	0.999362	9977	103	0.322742	189.25	2.379057	0.151017	245.249976
817876g	817876	g	78436	465	0.998993	9978	280	0.17729	498.206897	3.789308	0.053901	652.007408
818097g	818097	g	65527	535	0.998932	9960	307	0.154418	490	3.771521	0.051086	612.940954
818097s	818097	s	59299	198	0.999275	10000	126	0.3376	255.375	2.637827	0.15211	186.326014
818159s	818159	s	81372	507	0.998906	9943	246	0.192296	346.636364	3.658087	0.06097	405.057483
818614g	818614	g	17867	168	0.998377	10011	168	0.131955	244.555556	3.604895	0.046958	274.015357
818880g	818880	g	26708	295	0.99839	9982	252	0.160789	426.3	3.564387	0.069249	428.720261
818880p	818880	p	50423	278	0.998989	9980	184	0.13517	256.545455	3.563103	0.053759	290.86467
818880s	818880	s	65674	475	0.998904	9956	294	0.180996	396	3.796451	0.063923	386.215621
819326g	819326	g	38560	385	0.998237	10019	317	0.206607	507.65	3.779125	0.062123	636.056518
819326p	819326	p	52630	461	0.997853	9962	256	0.119454	412.64	3.897361	0.043003	541.80948
819779e	819779	e	66305	509	0.998959	9947	284	0.148889	378.527778	3.860054	0.054458	376.009982
819779g	819779	g	79869	428	0.999161	9992	260	0.089572	425.37037	3.848809	0.039366	483.739525
819779p	819779	p	68999	656	0.999159	9938	406	0.151338	671.222222	3.971864	0.051147	739.371072
819779s	819779	s	80761	344	0.999604	9968	204	0.158206	267.103448	3.474542	0.064245	271.261191
819936g	819936	g	46162	399	0.998354	9976	258	0.131917	343.130435	3.836319	0.045313	472.727108
820184s	820184	s	34753	454	0.997468	10005	366	0.075062	790	4.264411	0.025639	949.680584
820266e	820266	e	63269	306	0.999115	9966	171	0.237809	222.041667	3.18347	0.088857	228.281283
820266s	820266	s	60418	357	0.998891	9963	221	0.132089	309.44	3.814254	0.04352	350.236847
820472g	820472	g	63000	614	0.998159	9936	345	0.151973	493.75	4.034147	0.042698	589.575119
820472p	820472	p	46936	486	0.997955	9947	297	0.145169	501	3.930632	0.041466	623.945857
820529g	820529	g	66362	329	0.999051	9963	184	0.085818	261.772727	3.709095	0.03986	346.6878
820532g	820532	g	46447	262	0.998665	9977	155	0.270622	204.038462	2.861621	0.118811	247.413531
820532p	820532	p	41866	278	0.998495	9961	169	0.473748	227.8	2.665221	0.238126	282.705722
820532s	820532	s	67792	616	0.998363	9969	373	0.110643	656.833333	4.160632	0.041913	648.936643
820767e	820767	e	62561	361	0.998929	9958	193	0.171621	299.105263	3.495718	0.060614	337.939185
820767g	820767	g	46781	502	0.998055	9942	319	0.177831	518.833333	3.90384	0.058222	548.158295
820767s	820767	s	49568	414	0.998447	9971	276	0.162672	486.037037	3.773752	0.05346	614.165836
820936g	820936	g	60983	306	0.999196	9965	178	0.392775	234	3.01773	0.167805	232.916185
820967g	820967	g	84745	388	0.999327	9969	216	0.192095	316.037037	3.492304	0.066903	381.511534
820967s	820967	s	48774	508	0.998175	9972	348	0.13578	610.583333	3.869007	0.049662	693.880759
820993g	820993	g	59736	400	0.998711	9988	240	0.113136	399.464286	3.767152	0.041261	388.146429
820993p	820993	p	70449	401	0.998921	9964	216	0.290646	398.285714	3.259686	0.105185	480.25782
821425g	821425	g	52192	408	0.998659	9989	284	0.151367	415.108108	3.775671	0.050013	493.756393
821461s	821461	s	50795	274	0.999055	9993	189	0.221055	244	3.203117	0.089125	249.196957
821760e	821760	e	35387	348	0.998078	10000	280	0.1497	487.2	3.569275	0.06161	567.028855
821760s	821760	s	72883	533	0.998587	9969	277	0.160498	535.724138	3.666758	0.05384	674.198335
821764g	821764	g	39601	481	0.996945	10021	360	0.145894	702	3.78054	0.05047	935.221265
821764s	821764	s	34656	566	0.997288	10022	472	0.084414	1154.941176	4.386419	0.02749	1224.51191
821980g	821980	g	64678	670	0.998377	9928	365	0.23469	532.166667	3.882565	0.070836	574.388046
822104g	822104	g	55258	266	0.999113	9993	174	0.246773	255.357143	3.214621	0.088292	383.352174
822104p	822104	p	97714	418	0.999509	9972	201	0.254613	290.444444	3.170109	0.103494	366.543824
822104s	822104	s	60877	557	0.99816	9945	303	0.157567	466.676471	3.819031	0.054786	546.500377
822361s	822361	s	78382	590	0.998865	9987	382	0.06949	532.109091	4.355954	0.024062	534.068106
822455g	822455	g	54513	288	0.999193	9982	194	0.109197	301.25	3.69549	0.042326	342.440062
822455p	822455	p	62238	419	0.999068	9959	248	0.094889	343.576923	3.915161	0.036274	323.050043
822703g	822703	g	39111	392	0.998057	10033	316	0.111731	622.6	3.969713	0.037913	869.293082
822703p	822703	p	25884	270	0.998416	10001	229	0.206279	332.541667	3.516842	0.080127	373.308738
823308g	823308	g	54565	267	0.999285	9989	187	0.181099	253.5	3.232584	0.084265	290.452346
823308s	823308	s	38386	555	0.997134	10040	445	0.097012	847.818182	4.112859	0.034867	1136.179166
824108g	824108	g	90692	340	0.99946	9980	201	0.10511	367.833333	3.667068	0.044973	519.687456
824369g	824369	g	59980	446	0.999316	10019	330	0.113085	560.560976	3.886699	0.039067	735.10133
824456g	824456	g	78658	282	0.999097	9980	139	0.312625	215.153846	2.992511	0.122211	240.251388
824464e	824464	e	37038	490	0.997111	10008	383	0.121503	615.611111	4.169394	0.032951	785.596528
824464s	824464	s	35422	492	0.997403	10008	400	0.11251	881.028571	4.137348	0.035972	1009.391022
824829g	824829	g	44309	439	0.998285	9969	288	0.111145	393	3.988111	0.036658	390.924572
824899g	824899	g	38455	352	0.998414	10016	291	0.101837	499.4375	3.819659	0.04173	612.835679
824899p	824899	p	53097	207	0.999303	9992	125	0.331365	291.363636	2.184129	0.200467	379.430293
824899s	824899	s	50801	407	0.998622	9969	262	0.10633	400.6	3.781239	0.042499	533.329064
824947e	824947	e	71489	365	0.999077	9976	220	0.120088	334.111111	3.658561	0.046184	416.885504
824947g	824947	g	108434	317	0.999603	9982	173	0.169104	270.235294	3.260139	0.075811	286.820301
824947p	824947	p	64899	526	0.999168	9944	320	0.123089	457.042553	3.995499	0.03859	569.000261
824947s	824947	s	68535	275	0.999241	9977	165	0.129698	254.4375	3.440696	0.058741	280.794407
825065g	825065	g	62562	304	0.998945	9974	173	0.135151	489.666667	3.494545	0.051551	505.414917
825077g	825077	g	53644	444	0.998807	9982	317	0.131336	513.176471	4.087206	0.036748	583.452739
825077p	825077	p	54535	277	0.999377	10003	217	0.13306	363	3.58261	0.056812	397.955991
825098g	825098	g	54610	479	0.99837	9984	306	0.259515	471.512195	3.54153	0.092915	650.377708
825216g	825216	g	74290	154	0.999798	9992	97	0.209067	124	2.875029	0.091346	145.767429
825444g	825444	g	94670	360	0.999356	9966	204	0.207706	312.5	3.491025	0.069212	331.998234
825647g	825647	g	54458	259	0.999082	9992	170	0.158427	389	3.287186	0.063205	467.866839
825836s	825836	s	46555	414	0.998088	9972	259	0.214902	382.483871	3.739574	0.066795	466.676727
825908g	825908	g	83781	354	0.999236	9972	204	0.109306	261	3.646209	0.045848	264.568358
825908p	825908	p	80315	729	0.998419	9919	376	0.105555	628.394737	4.305126	0.03155	698.645078
826191g	826191	g	52033	277	0.998847	9983	175	0.25313	274.75	3.067465	0.104192	241.148506
826288s	826288	s	60829	604	0.998356	9914	325	0.083518	476.666667	4.212178	0.031298	529.024589
826564g	826564	g	60940	548	0.997982	9934	287	0.145259	408.871795	3.7591	0.054378	489.261365
826567e	826567	e	33978	424	0.997704	10006	346	0.143614	632.028571	3.743917	0.056374	667.815337
826567s	826567	s	53882	337	0.998534	9979	206	0.201423	346.045455	3.339047	0.083777	441.254976
826574e	826574	e	77876	286	0.999307	9978	158	0.156144	251.882353	3.537624	0.050674	347.421197
826574g	826574	g	42764	370	0.998784	9980	274	0.152806	383.774194	3.743319	0.05802	367.226087
826574p	826574	p	32062	165	0.998908	9997	130	0.131239	180.214286	3.245367	0.060236	175.940357
826574s	826574	s	100437	374	0.999343	9964	184	0.137094	254.037037	3.410031	0.058885	323.957441
826598g	826598	g	81252	496	0.999028	9950	251	0.138392	413.652174	3.883925	0.044713	461.688792
826853g	826853	g	54226	269	0.999004	9990	173	0.117618	299.176471	3.386868	0.056164	393.069335
826853s	826853	s	56205	583	0.998452	9983	404	0.106982	689.3125	4.272289	0.031058	875.240598
827001g	827001	g	60882	337	0.998932	9967	191	0.189826	297.105263	3.472202	0.080656	365.834374
827001s	827001	s	96643	240	0.99971	9983	128	0.214965	290.714286	2.640196	0.110278	481.202743
827107g	827107	g	76287	382	0.999423	9971	215	0.378598	352.391304	3.025415	0.15947	421.161121
827503g	827503	g	93790	224	0.999616	9982	117	0.460329	174	2.463363	0.229551	215.285284
827503s	827503	s	59344	286	0.999242	9996	199	0.143057	273.285714	3.497812	0.055274	331.101708
827932s	827932	s	42986	416	0.998418	9960	281	0.100803	377.486486	3.970779	0.038607	432.940913
828000s	828000	s	79995	508	0.999112	9984	270	0.110276	498.6	3.590313	0.048202	733.575408
828168g	828168	g	31629	447	0.996522	9992	337	0.076461	542.857143	4.180393	0.028648	719.210435
828168s	828168	s	61160	311	0.998839	9970	175	0.232798	256.052632	3.316326	0.081574	293.85163
828316g	828316	g	73429	616	0.998556	9971	371	0.052552	601.560976	4.398819	0.021918	714.689054
828545g	828545	g	44641	522	0.997872	9949	328	0.24505	471.133333	3.67901	0.077987	466.619536
828682s	828682	s	28225	296	0.997697	9981	231	0.182948	378.230769	3.237684	0.087609	455.099962
828705g	828705	g	42659	379	0.998547	9957	239	0.180275	422.333333	3.174371	0.086914	496.66515
828896g	828896	g	66407	462	0.999081	9958	258	0.106547	350.25	3.724219	0.048254	353.755384
828896p	828896	p	52111	517	0.99833	9970	328	0.133902	606.27027	3.992194	0.040067	791.424861
828957g	828957	g	91900	230	0.999706	9984	134	0.534054	188.076923	2.446754	0.293518	250.931068
829040g	829040	g	81144	332	0.999335	9965	183	0.102659	261.157895	3.716546	0.041315	309.248875
829266g	829266	g	67228	321	0.999316	9976	198	0.109463	390.5625	3.729637	0.041832	478.890039
829266s	829266	s	63353	503	0.998643	9947	279	0.120539	526.730769	3.889076	0.03965	622.525215
829496e	829496	e	55181	425	0.998387	9986	282	0.220809	663	3.62926	0.069914	830.273856
829496s	829496	s	49401	307	0.999049	9979	218	0.09049	288.8	3.84756	0.037941	290.183212
829548g	829548	g	98161	618	0.999012	9953	324	0.134331	513.02439	3.853539	0.050566	633.127015
829586g	829586	g	79111	356	0.999191	9982	194	0.1109	262.875	3.635597	0.048157	267.682402
829663g	829663	g	104552	580	0.999101	9954	283	0.076552	372.25	4.098427	0.030158	378.972118
829663s	829663	s	58538	499	0.998838	9997	349	0.210463	503.468085	3.920143	0.060895	578.649729
829867s	829867	s	57992	382	0.99881	9990	249	0.266967	415.875	3.448203	0.10016	475.849665
829961g	829961	g	61274	447	0.998956	9938	238	0.114711	353.16129	3.506365	0.058817	423.329495
829961p	829961	p	50466	446	0.998692	9974	285	0.124022	565.275862	3.764715	0.04362	697.044049
829961s	829961	s	55748	396	0.998816	9998	263	0.188738	486.166667	3.659219	0.070884	618.969235
830014g	830014	g	44589	307	0.998654	9971	201	0.32424	258.416667	2.883005	0.156437	253.332386
830014s	830014	s	39284	260	0.998804	10012	213	0.09169	319.730769	3.696574	0.040161	386.014645
830111g	830111	g	75692	439	0.999221	9975	267	0.174035	497.576923	3.70425	0.058911	687.865055
830111p	830111	p	72570	364	0.999297	9972	219	0.135178	299	3.640285	0.057949	294.619268
830111s	830111	s	46418	612	0.997695	9953	399	0.062896	555	4.459384	0.020433	698.478773
830250g	830250	g	37724	534	0.997482	10024	439	0.103352	677.982759	4.421859	0.028846	870.140619
830250p	830250	p	24147	349	0.996977	9968	276	0.110955	355.456522	3.951809	0.038924	383.877374
831079s	831079	s	52052	440	0.998578	9975	287	0.140551	403.277778	3.943688	0.04269	470.18372
831494g	831494	g	64548	346	0.998916	9960	189	0.177309	254.206897	3.317974	0.066916	316.782244
831494s	831494	s	58795	296	0.999184	9998	196	0.275655	305.5	3.302357	0.097804	470.044229
831609g	831609	g	40064	316	0.998203	9952	194	0.175241	296.24	3.395224	0.064447	411.288248
831609p	831609	p	31451	390	0.997679	10009	317	0.089619	675.625	3.830238	0.040158	967.26353
831609s	831609	s	86982	544	0.999207	9951	304	0.089137	457.030303	4.189884	0.029004	550.94364
831690g	831690	g	22095	337	0.996922	9968	269	0.159912	407.181818	3.507763	0.067931	450.223156
831690p	831690	p	45086	321	0.998381	9963	192	0.103985	294.666667	3.782118	0.041547	310.60061
831872g	831872	g	55705	443	0.998618	9975	290	0.104762	399.371429	4.10534	0.031857	395.343596
831872p	831872	p	61085	498	0.998576	9941	274	0.35761	430.107143	3.237238	0.146172	484.306168
831872s	831872	s	77358	498	0.998914	9977	292	0.10424	393.108108	4.168609	0.030704	447.584757
831873s	831873	s	41508	368	0.998458	9962	245	0.163421	346.935484	3.617793	0.060173	341.469327
831979g	831979	g	56640	576	0.998694	9982	404	0.083651	614	4.400653	0.027901	731.984926
831979p	831979	p	71107	331	0.999409	9975	199	0.202306	299.037037	3.277817	0.083545	372.862943
831979s	831979	s	23269	130	0.999055	9990	108	0.350951	184.153846	2.545691	0.156573	265.339452
832116g	832116	g	42693	485	0.997869	9944	320	0.092619	441.871795	4.180424	0.031942	505.644669
832116s	832116	s	53047	437	0.998605	9991	302	0.078371	448.447368	3.92913	0.037011	525.344504
832237g	832237	g	24790	159	0.998669	9991	126	0.26704	178.8	3.178873	0.097303	186.031919
832237s	832237	s	49388	263	0.99915	9992	192	0.339572	317.142857	2.609111	0.186579	360.418032
832551g	832551	g	43999	552	0.997545	9951	334	0.251332	477.133333	3.673864	0.08311	532.956986
832551s	832551	s	71680	553	0.99873	9966	309	0.08248	502.522727	3.951988	0.03466	720.302448
832580g	832580	g	72465	134	0.999614	9987	73	0.17703	106	2.861658	0.086102	144.253898
832769g	832769	g	64161	390	0.998753	9966	212	0.249047	262.571429	3.499	0.082097	281.321765
832769s	832769	s	56268	481	0.99856	9979	310	0.123559	517.682927	3.815477	0.044696	683.619155
832901g	832901	g	22459	296	0.997328	9978	236	0.162658	299.277778	3.490167	0.061977	309.418947
832901s	832901	s	60730	263	0.99921	9971	165	0.109016	240.2	3.484277	0.053369	258.369148
833054s	833054	s	56235	642	0.998346	9979	405	0.112135	756.153846	4.454389	0.02655	928.530938
833403g	833403	g	43380	473	0.997925	9950	288	0.110653	430.676471	4.044749	0.035746	501.882907
833403p	833403	p	31217	535	0.997309	10014	451	0.093369	694.474576	4.523485	0.023706	827.966055
833456s	833456	s	33703	291	0.998516	9990	241	0.148849	384.035714	3.665545	0.050618	473.152041
833471g	833471	g	51749	342	0.998841	9983	227	0.310227	292.27027	3.0813	0.127047	310.849849
833471p	833471	p	46122	443	0.998092	9965	271	0.120421	409	3.73049	0.051335	472.791307
833533g	833533	g	42229	182	0.999219	9982	121	0.430274	158.4	2.479963	0.208108	158.634554
833533s	833533	s	79452	609	0.998968	9982	355	0.13885	575.52	4.061784	0.037874	784.954251
833554g	833554	g	84327	625	0.998885	9942	344	0.16898	437.518519	4.079972	0.045264	452.86249
833554p	833554	p	54379	605	0.998161	9964	402	0.11401	694.116279	4.363077	0.02948	838.574037
833554s	833554	s	57422	569	0.997875	9983	360	0.096063	642	4.342192	0.026003	768.824572
833559g	833559	g	45937	580	0.997736	9952	367	0.183682	545.404255	4.140877	0.047022	627.321895
833559p	833559	p	42572	543	0.997886	9958	366	0.106748	513.521739	4.23732	0.032658	574.67917
833630g	833630	g	46319	285	0.998661	9978	178	0.198136	294.368421	3.175292	0.087332	372.425802
833630p	833630	p	65494	316	0.999114	9968	172	0.141754	232.714286	3.380241	0.063349	228.857072
833630s	833630	s	84607	517	0.999267	9959	278	0.192288	408	3.495826	0.071427	522.803244
833779s	833779	s	57567	474	0.998975	9989	329	0.213735	517.275862	4.02241	0.061181	542.489554
